Start = 1676118941.8654237
End = 1676118941.8665853
